Iterations: 601
Precision: 0.000000
10.000000 10.714286 11.428571 12.142857 12.857143 13.571429 14.285714 15.000000 15.714286 16.428571 17.142857 17.857143 18.571429 19.285714 20.000000 
10.714286 11.428571 12.142856 12.857142 13.571427 14.285713 14.999998 15.714284 16.428570 17.142856 17.857142 18.571428 19.285714 20.000000 20.714286 
11.428571 12.142856 12.857141 13.571427 14.285712 14.999997 15.714283 16.428568 17.142854 17.857140 18.571426 19.285712 19.999999 20.714285 21.428571 
12.142857 12.857142 13.571427 14.285711 14.999996 15.714281 16.428567 17.142852 17.857138 18.571424 19.285711 19.999997 20.714284 21.428570 22.142857 
12.857143 13.571427 14.285712 14.999996 15.714281 16.428566 17.142851 17.857137 18.571423 19.285709 19.999995 20.714282 21.428569 22.142856 22.857143 
13.571429 14.285713 14.999997 15.714281 16.428566 17.142851 17.857136 18.571422 19.285708 19.999994 20.714280 21.428567 22.142854 22.857141 23.571429 
14.285714 14.999998 15.714283 16.428567 17.142851 17.857136 18.571421 19.285707 19.999993 20.714279 21.428566 22.142853 22.857140 23.571427 24.285714 
15.000000 15.714284 16.428568 17.142852 17.857137 18.571422 19.285707 19.999992 20.714278 21.428565 22.142851 22.857138 23.571425 24.285713 25.000000 
15.714286 16.428570 17.142854 17.857138 18.571423 19.285708 19.999993 20.714278 21.428564 22.142850 22.857137 23.571424 24.285711 24.999998 25.714286 
16.428571 17.142856 17.857140 18.571424 19.285709 19.999994 20.714279 21.428565 22.142850 22.857137 23.571423 24.285710 24.999997 25.714284 26.428571 
17.142857 17.857142 18.571426 19.285711 19.999995 20.714280 21.428566 22.142851 22.857137 23.571423 24.285710 24.999996 25.714283 26.428570 27.142857 
17.857143 18.571428 19.285712 19.999997 20.714282 21.428567 22.142853 22.857138 23.571424 24.285710 24.999996 25.714283 26.428569 27.142856 27.857143 
18.571429 19.285714 19.999999 20.714284 21.428569 22.142854 22.857140 23.571425 24.285711 24.999997 25.714283 26.428569 27.142856 27.857142 28.571429 
19.285714 20.000000 20.714285 21.428570 22.142856 22.857141 23.571427 24.285713 24.999998 25.714284 26.428570 27.142856 27.857142 28.571428 29.285714 
20.000000 20.714286 21.428571 22.142857 22.857143 23.571429 24.285714 25.000000 25.714286 26.428571 27.142857 27.857143 28.571429 29.285714 30.000000 
